# N Mean
1 4.36075
2 3.46914
3 3.69023
4 3.81611
5 3.98221
6 3.61687
7 3.43459
8 3.51438
9 3.35846
10 3.3442
11 3.30469
12 3.32226
13 3.25586
14 3.24142
15 3.34592
16 3.42835
17 3.43508
18 3.4592
19 3.35958
20 3.36299
21 3.25357
22 3.1953
23 3.12372
24 3.16926
25 3.10756
26 3.08818
27 3.03007
28 2.97311
29 3.04286
30 3.00386
31 3.00541
32 3.04763
33 3.05984
34 3.03408
35 3.04883
36 3.05017
37 3.04812
38 3.09662
39 3.07286
40 3.09818
41 3.09839
42 3.12175
43 3.10964
44 3.14274
45 3.12031
46 3.10486
47 3.12882
48 3.16106
49 3.12265
50 3.15614
51 3.15512
52 3.12029
53 3.0948
54 3.10513
55 3.1316
56 3.11846
57 3.08579
58 3.05121
59 3.04748
60 3.01756
61 3.00011
62 3.03047
63 3.05552
64 3.07659
65 3.06105
66 3.06254
67 3.05415
68 3.06867
69 3.0684
70 3.077
71 3.0777
72 3.05103
73 3.04691
74 3.06962
75 3.09167
76 3.10209
77 3.08956
78 3.10064
79 3.10646
80 3.09783
81 3.1059
82 3.08831
83 3.08436
84 3.10146
85 3.11575
86 3.10652
87 3.09283
88 3.10966
89 3.1017
90 3.10887
91 3.12773
92 3.1302
93 3.13556
94 3.14939
95 3.14527
96 3.16142
97 3.15557
98 3.16683
99 3.17259
100 3.1873
101 3.18475
102 3.1718
103 3.18761
104 3.20197
105 3.18662
106 3.19924
107 3.20265
108 3.19826
109 3.20083
110 3.19104
111 3.19962
112 3.19097
113 3.1874
114 3.17615
115 3.16375
116 3.15462
117 3.15523
118 3.15108
119 3.13871
120 3.15111
121 3.13674
122 3.12336
123 3.12221
124 3.12963
125 3.1441
126 3.15677
127 3.16134
128 3.15643
129 3.16297
130 3.15767
131 3.15018
132 3.14093
133 3.14241
134 3.13372
135 3.12243
136 3.12836
137 3.11649
138 3.12415
139 3.11359
140 3.11978
141 3.10686
142 3.11879
143 3.10544
144 3.10531
145 3.09565
146 3.08787
147 3.09538
148 3.10102
149 3.10454
150 3.11631
151 3.11924
152 3.12529
153 3.11384
154 3.10362
155 3.10347
156 3.09199
157 3.08045
158 3.07246
159 3.07104
160 3.07858
161 3.07992
162 3.08574
163 3.07421
164 3.06542
165 3.07714
166 3.06955
167 3.07847
168 3.06909
169 3.08046
170 3.0695
171 3.07776
172 3.06736
173 3.05551
174 3.06491
175 3.06669
176 3.05905
177 3.0511
178 3.04838
179 3.05734
180 3.06412
181 3.06065
182 3.06148
183 3.06288
184 3.0615
185 3.06522
186 3.05626
187 3.05662
188 3.06179
189 3.05732
190 3.06738
191 3.06864
192 3.07615
193 3.08089
194 3.08314
195 3.07318
196 3.07786
197 3.08423
198 3.0924
199 3.09944
200 3.10556
201 3.11458
202 3.11884
203 3.1262
204 3.13507
205 3.13766
206 3.13694
207 3.12979
208 3.13551
209 3.14231
210 3.13357
211 3.13578
212 3.13038
213 3.1322
214 3.12652
215 3.12966
216 3.12567
217 3.12194
218 3.11645
219 3.10814
220 3.11007
221 3.10457
222 3.10682
223 3.10653
224 3.11448
225 3.11006
226 3.11039
227 3.11376
228 3.10648
229 3.10552
230 3.10667
231 3.1139
232 3.11256
233 3.10927
234 3.11475
235 3.11314
236 3.10425
237 3.10119
238 3.10242
239 3.10757
240 3.10268
241 3.10517
242 3.10445
243 3.10373
244 3.1001
245 3.10316
246 3.09758
247 3.09915
248 3.09135
249 3.0896
250 3.09238
251 3.09478
252 3.09659
253 3.09379
254 3.08846
255 3.08982
256 3.09146
257 3.09469
258 3.09166
259 3.09502
260 3.09008
261 3.09618
262 3.09864
263 3.10059
264 3.09653
265 3.09666
266 3.09009
267 3.08617
268 3.09148
269 3.09391
270 3.08754
271 3.08148
272 3.07914
273 3.07998
274 3.08105
275 3.08317
276 3.07981
277 3.08351
278 3.08016
279 3.07743
280 3.07272
281 3.07936
282 3.07204
283 3.07641
284 3.07377
285 3.06913
286 3.068
287 3.07416
288 3.07972
289 3.08311
290 3.08557
291 3.08006
292 3.08234
293 3.08047
294 3.08393
295 3.08965
296 3.09497
297 3.09953
298 3.09521
299 3.09882
300 3.09913
301 3.09611
302 3.10116
303 3.10623
304 3.1108
305 3.11041
306 3.11105
307 3.10629
308 3.10301
309 3.1074
310 3.10695
311 3.10614
312 3.11028
313 3.10987
314 3.10686
315 3.10246
316 3.10447
317 3.10701
318 3.10214
319 3.10311
320 3.10269
321 3.10658
322 3.10904
323 3.10472
324 3.10096
325 3.10063
326 3.09568
327 3.09096
328 3.08898
329 3.08658
330 3.09155
331 3.09621
332 3.09739
333 3.10115
334 3.10465
335 3.10429
336 3.10202
337 3.10046
338 3.10204
339 3.10303
340 3.09989
341 3.0955
342 3.09023
343 3.08539
344 3.08685
345 3.08502
346 3.08233
347 3.08015
348 3.07522
349 3.07417
350 3.07892
351 3.07965
352 3.07676
353 3.07834
354 3.08108
355 3.08071
356 3.07663
357 3.0807
358 3.08188
359 3.08185
360 3.07838
361 3.0788
362 3.07777
363 3.08119
364 3.0798
365 3.07678
366 3.07467
367 3.07697
368 3.07827
369 3.08331
370 3.08134
371 3.0854
372 3.08126
373 3.08009
374 3.07458
375 3.07741
376 3.08012
377 3.07772
378 3.07343
379 3.0771
380 3.07922
381 3.07428
382 3.07355
383 3.07844
384 3.0804
385 3.07719
386 3.07672
387 3.0803
388 3.0759
389 3.07159
390 3.07021
391 3.068
392 3.06943
393 3.0724
394 3.06847
395 3.06376
396 3.05909
397 3.05851
398 3.06119
399 3.06296
400 3.06223
401 3.05827
402 3.05902
403 3.05965
404 3.0598
405 3.06059
406 3.05908
407 3.05702
408 3.06069
409 3.06031
410 3.05694
411 3.05787
412 3.05798
413 3.05899
414 3.05978
415 3.05707
416 3.0601
417 3.05583
418 3.05186
419 3.05578
420 3.0525
421 3.05221
422 3.04948
423 3.05245
424 3.05036
425 3.04889
426 3.05233
427 3.05075
428 3.05357
429 3.05493
430 3.05049
431 3.04812
432 3.05059
433 3.05163
434 3.05461
435 3.05272
436 3.05004
437 3.04716
438 3.04808
439 3.04442
440 3.0459
441 3.04836
442 3.05024
443 3.04742
444 3.04642
445 3.04466
446 3.04397
447 3.04146
448 3.04035
449 3.04055
450 3.03739
451 3.0378
452 3.03342
453 3.03229
454 3.03118
455 3.0294
456 3.03142
457 3.02926
458 3.0305
459 3.03089
460 3.03447
461 3.03601
462 3.03861
463 3.04024
464 3.03853
465 3.0397
466 3.03538
467 3.03558
468 3.03845
469 3.03938
470 3.04051
471 3.04058
472 3.03965
473 3.0384
474 3.04017
475 3.04262
476 3.04403
477 3.04103
478 3.03703
479 3.03331
480 3.03479
481 3.03212
482 3.03304
483 3.03463
484 3.03512
485 3.03093
486 3.0268
487 3.02514
488 3.02314
489 3.02436
490 3.02723
491 3.02458
492 3.02324
493 3.02455
494 3.02757
495 3.02875
496 3.02719
497 3.03023
498 3.02765
499 3.02485
500 3.02482
501 3.0274
502 3.02875
503 3.0319
504 3.02939
505 3.02849
506 3.03007
507 3.03292
508 3.03323
509 3.03504
510 3.03836
511 3.0362
512 3.03946
513 3.03978
514 3.04308
515 3.04295
516 3.04328
517 3.04659
518 3.04882
519 3.05114
520 3.05177
521 3.05288
522 3.05657
523 3.0598
524 3.05834
525 3.06108
526 3.06165
527 3.06258
528 3.06442
529 3.06638
530 3.06848
531 3.06657
532 3.06723
533 3.06688
534 3.06426
535 3.06635
536 3.06895
537 3.0716
538 3.07269
539 3.0719
540 3.0726
541 3.07318
542 3.07412
543 3.07427
544 3.07155
545 3.072
546 3.06844
547 3.06979
548 3.06979
549 3.07209
550 3.07207
551 3.06912
552 3.06893
553 3.06888
554 3.06549
555 3.06764
556 3.06669
557 3.06756
558 3.06709
559 3.06442
560 3.06369
561 3.06177
562 3.061
563 3.05746
564 3.0589
565 3.05932
566 3.06143
567 3.0619
568 3.06142
569 3.06115
570 3.06452
571 3.06131
572 3.05823
573 3.05911
574 3.05969
575 3.05765
576 3.05561
577 3.05641
578 3.05925
579 3.06079
580 3.06043
581 3.0599
582 3.06221
583 3.06521
584 3.06817
585 3.07078
586 3.07248
587 3.07122
588 3.07135
589 3.06932
590 3.06906
591 3.07198
592 3.07163
593 3.0741
594 3.07713
595 3.07487
596 3.07446
597 3.07622
598 3.07787
599 3.08044
600 3.07869
601 3.0803
602 3.08325
603 3.082
604 3.08121
605 3.08148
606 3.08171
607 3.08238
608 3.08021
609 3.07993
610 3.07888
611 3.07976
612 3.08236
613 3.08033
614 3.0809
615 3.08314
616 3.08047
617 3.07952
618 3.07745
619 3.07827
620 3.07874
621 3.07975
622 3.08024
623 3.07728
624 3.07755
625 3.07783
626 3.07606
627 3.07287
628 3.07176
629 3.06852
630 3.0711
631 3.07163
632 3.07323
633 3.07557
634 3.07818
635 3.076
636 3.07555
637 3.07535
638 3.07709
639 3.07784
640 3.08063
641 3.07835
642 3.07694
643 3.0792
644 3.07824
645 3.0806
646 3.082
647 3.08173
648 3.0802
649 3.08283
650 3.08038
651 3.0825
652 3.08313
653 3.08434
654 3.08681
655 3.08475
656 3.08329
657 3.08114
658 3.07921
659 3.07986
660 3.07777
661 3.0754
662 3.07364
663 3.07622
664 3.07318
665 3.07103
666 3.06864
667 3.06831
668 3.06909
669 3.07147
670 3.06898
671 3.06956
672 3.0669
673 3.06617
674 3.06605
675 3.06558
676 3.06426
677 3.06265
678 3.06499
679 3.06528
680 3.06337
681 3.06054
682 3.06005
683 3.06181
684 3.0632
685 3.06227
686 3.06508
687 3.06228
688 3.06233
689 3.0605
690 3.06135
691 3.06242
692 3.06133
693 3.06349
694 3.06424
695 3.06324
696 3.06056
697 3.06201
698 3.06366
699 3.0647
700 3.06565
701 3.06786
702 3.0667
703 3.06804
704 3.0668
705 3.06846
706 3.0666
707 3.06702
708 3.0644
709 3.06206
710 3.06004
711 3.05852
712 3.05639
713 3.05682
714 3.05426
715 3.05636
716 3.05877
717 3.05621
718 3.05851
719 3.05825
720 3.05682
721 3.05722
722 3.05531
723 3.0557
724 3.05549
725 3.05716
726 3.05943
727 3.05949
728 3.05986
729 3.06104
730 3.05945
731 3.05808
732 3.05873
733 3.05886
734 3.05614
735 3.05841
736 3.05751
737 3.05583
738 3.05588
739 3.05527
740 3.05415
741 3.05505
742 3.05576
743 3.05538
744 3.05406
745 3.05508
746 3.05411
747 3.05251
748 3.05382
749 3.05246
750 3.05337
751 3.05072
752 3.05249
753 3.05429
754 3.05475
755 3.05374
756 3.05455
757 3.05462
758 3.05639
759 3.055
760 3.05364
761 3.05133
762 3.05134
763 3.05331
764 3.05383
765 3.05392
766 3.05552
767 3.05785
768 3.059
769 3.05812
770 3.05731
771 3.05487
772 3.05233
773 3.0497
774 3.04957
775 3.04844
776 3.04945
777 3.05104
778 3.05101
779 3.05078
780 3.04855
781 3.0469
782 3.04676
783 3.04886
784 3.04647
785 3.0443
786 3.04294
787 3.04396
788 3.04447
789 3.04235
790 3.04463
791 3.04643
792 3.04469
793 3.04451
794 3.04575
795 3.04709
796 3.04455
797 3.04489
798 3.04602
799 3.04718
800 3.04924
801 3.04716
802 3.04854
803 3.0507
804 3.04865
805 3.04747
806 3.04612
807 3.0476
808 3.04554
809 3.0467
810 3.04554
811 3.04388
812 3.04598
813 3.0472
814 3.04516
815 3.04747
816 3.0491
817 3.04827
818 3.04915
819 3.04888
820 3.0485
821 3.04919
822 3.04827
823 3.0487
824 3.04685
825 3.04476
826 3.04412
827 3.04231
828 3.04303
829 3.04112
830 3.0429
831 3.04325
832 3.0418
833 3.04256
834 3.04265
835 3.0417
836 3.04377
837 3.045
838 3.04314
839 3.04089
840 3.04091
841 3.04038
842 3.03897
843 3.0387
844 3.03704
845 3.03609
846 3.03573
847 3.03335
848 3.03402
849 3.03222
850 3.032
851 3.03001
852 3.03129
853 3.0326
854 3.03342
855 3.0353
856 3.03698
857 3.03489
858 3.03274
859 3.03283
860 3.03129
861 3.03324
862 3.03139
863 3.03083
864 3.03124
865 3.03185
866 3.03274
867 3.03288
868 3.03241
869 3.03386
870 3.03418
871 3.03607
872 3.03476
873 3.03604
874 3.03542
875 3.03484
876 3.03297
877 3.03433
878 3.03378
879 3.03487
880 3.0368
881 3.03835
882 3.03981
883 3.04073
884 3.0413
885 3.04132
886 3.04184
887 3.0418
888 3.04211
889 3.04284
890 3.04067
891 3.04178
892 3.04218
893 3.04051
894 3.03888
895 3.03747
896 3.03867
897 3.04016
898 3.04117
899 3.03971
900 3.04041
901 3.03954
902 3.03774
903 3.03942
904 3.03762
905 3.03749
906 3.03643
907 3.03507
908 3.03409
909 3.03475
910 3.03668
911 3.03541
912 3.03541
913 3.03659
914 3.03846
915 3.03685
916 3.03591
917 3.03614
918 3.03673
919 3.03832
920 3.03711
921 3.03783
922 3.03835
923 3.03975
924 3.04106
925 3.0422
926 3.04011
927 3.04046
928 3.04093
929 3.04202
930 3.04315
931 3.04218
932 3.04032
933 3.0419
934 3.04046
935 3.03904
936 3.0384
937 3.03811
938 3.03756
939 3.03815
940 3.03641
941 3.03563
942 3.03716
943 3.03757
944 3.03586
945 3.03711
946 3.03813
947 3.03766
948 3.03706
949 3.03658
950 3.03558
951 3.03596
952 3.03411
953 3.03576
954 3.03544
955 3.037
956 3.03769
957 3.03748
958 3.03733
959 3.03642
960 3.03524
961 3.03414
962 3.03443
963 3.03356
964 3.03198
965 3.03298
966 3.03286
967 3.03277
968 3.03147
969 3.03291
970 3.03137
971 3.03048
972 3.02915
973 3.02708
974 3.0287
975 3.0278
976 3.02904
977 3.02963
978 3.03036
979 3.02901
980 3.02712
981 3.02896
982 3.03005
983 3.02845
984 3.02989
985 3.02867
986 3.03065
987 3.03076
988 3.03141
989 3.03124
990 3.03254
991 3.03409
992 3.03491
993 3.03449
994 3.03322
995 3.03455
996 3.03313
997 3.03379
998 3.03305
999 3.0324
1000 3.0325
